0 0.00133316
1 0.00135421
2 0.00106184
3 0.000431095
4 0.00126265
5 0.00159905
6 0.001448
7 0.00208963
8 0.000920819
9 0.000534243
10 0.000728162
11 0.000717747
12 0.000823352
13 0.0019735
14 0.000705223
15 0.00148527
16 0.00139707
17 0.0015088
18 0.00443415
19 0.000793188
20 0.000956107
21 0.000421101
22 0.000476921
23 0.000855565
24 0.00103883
25 0.000769902
26 0.00055317
27 0.000460604
28 0.000590364
29 0.000562737
30 0.000733544
31 0.00052523
32 0.00111003
33 0.00132475
34 0.00081881
35 0.00141249
36 0.000932628
37 0.0016562
38 0.00291842
39 0.00144801
40 0.000902006
41 0.00139466
42 0.000866028
43 0.00155123
44 0.00159202
45 0.00146413
46 0.000938288
47 0.000743055
48 0.000919118
49 0.000472387
50 0.00149164
51 0.000958933
52 0.000817001
53 0.00165477
54 0.000435804
55 0.000829057
56 0.00152368
57 0.000543525
58 0.000826783
59 0.000738196
60 0.000597909
61 0.00155365
62 0.00547685
63 0.000595175
64 0.000638897
65 0.000544155
66 0.000516408
67 0.00250746
68 0.000583937
69 0.000945949
70 0.00139886
71 0.000583807
72 0.000754917
73 0.000738375
74 0.000927573
75 0.000691978
76 0.000756261
77 0.000921205
78 0.000821137
79 0.00136673
80 0.000419692
81 0.000854106
82 0.00077425
83 0.0003923
84 0.000457172
85 0.000433619
86 0.000499067
87 0.000482005
88 0.000932258
89 0.000914333
90 0.000553795
91 0.000703106
92 0.000419692
93 0.00166142
94 0.00105834
95 0.00213281
96 0.000791376
97 0.000461463
98 0.00129542
99 0.00160828
100 0.000501327
101 0.00112798
102 0.00084342
103 0.000916136
104 0.000487723
105 0.000657934
106 0.000899525
107 0.00066809
108 0.00113589
109 0.00118212
110 0.00079494
111 0.00108548
112 0.000420471
113 0.00130731
114 0.00130706
115 0.000995436
116 0.000674113
117 0.00120849
118 0.000914222
119 0.00326275
120 0.00237923
121 0.000806087
122 0.000527769
123 0.00083944
124 0.000557425
125 0.00106383
126 0.00208314
127 0.00051786
128 0.000439108
129 0.00110039
130 0.000448195
131 0.000430586
132 0.000448527
133 0.00108413
134 0.000496197
135 0.000467338
136 0.000676324
137 0.00127719
138 0.000426666
139 0.000617856
140 0.000868689
141 0.000960413
142 0.000575271
143 0.00105371
144 0.00084637
145 0.000480072
146 0.000510139
147 0.00123738
148 0.000891252
149 0.000558184
150 0.000615105
151 0.00184024
152 0.000508489
153 0.0005478
154 0.00120998
155 0.00130484
156 0.000602062
157 0.000542456
158 0.000559052
159 0.000861307
160 0.001326
161 0.00263314
162 0.00122055
163 0.00101094
164 0.000995581
165 0.000878393
166 0.000860213
167 0.00192146
168 0.000438243
169 0.00063242
170 0.000431095
171 0.000980259
172 0.0004372
173 0.00061685
174 0.000454536
175 0.000441835
176 0.000432187
177 0.000995436
178 0.000410015
179 0.000434166
180 0.00198997
181 0.00169994
182 0.000475417
183 0.000987395
184 0.00125939
185 0.00152259
186 0.000810497
187 0.00157034
188 0.000819769
189 0.000434166
190 0.000664769
191 0.00105779
192 0.00091302
193 0.000450715
194 0.000743293
195 0.000421101
196 0.000448195
197 0.00293298
198 0.00118957
199 0.000649201
200 0.000541156
201 0.000817405
202 0.00073762
203 0.000991593
204 0.000480605
205 0.000560798
206 0.000744171
207 0.00115054
208 0.00049965
209 0.000754917
210 0.00284711
211 0.00113891
212 0.00115533
213 0.00051786
214 0.000898818
215 0.000464337
216 0.00124185
217 0.00137211
218 0.000480072
219 0.00101164
220 0.000685134
221 0.00149631
222 0.00044954
223 0.000986528
224 0.000532414
225 0.00191586
226 0.000911144
227 0.000927573
228 0.00468565
229 0.000597696
230 0.00114678
231 0.000472606
232 0.0006894
233 0.00203366
234 0.000494313
235 0.00182652
236 0.000616184
237 0.00133974
238 0.00044814
239 0.000601468
240 0.000476921
241 0.000770568
242 0.000744229
243 0.00144355
244 0.000550124
245 0.00225932
246 0.00116337
247 0.00134231
248 0.000437174
249 0.000842769
250 0.00201152
251 0.000421592
252 0.000521392
253 0.000815304
254 0.000703106
255 0.000717842
256 0.00111361
257 0.000602062
258 0.00191171
259 0.000538703
260 0.000947106
261 0.000430586
262 0.00294877
263 0.000532414
264 0.00125878
265 0.00121961
266 0.000434166
267 0.00070135
268 0.00062641
269 0.000515147
270 0.00090737
271 0.000823685
272 0.00202819
273 0.000724767
274 0.000475417
275 0.000582472
276 0.00107224
277 0.000682839
278 0.000952651
279 0.00100902
280 0.00071743
281 0.00043885
282 0.00143862
283 0.00259498
284 0.000952252
285 0.000537117
286 0.00117878
287 0.000430586
288 0.000522989
289 0.000855697
290 0.000574567
291 0.0011268
292 0.00071743
293 0.00097098
294 0.000448527
295 0.000811108
296 0.00171771
297 0.000842407
298 0.000419692
299 0.000616387
300 0.000569234
301 0.000568375
302 0.000418393
303 0.00146445
304 0.000414037
305 0.000910446
306 0.001596
307 0.000953983
308 0.000410015
309 0.000518059
310 0.000893392
311 0.00245322
312 0.000685039
313 0.00109102
314 0.000434913
315 0.00108175
316 0.000410015
317 0.00124158
318 0.000709802
319 0.000603078
320 0.00121894
321 0.00123806
322 0.000400308
323 0.000802997
324 0.000470711
325 0.000537005
326 0.000775972
327 0.000662857
328 0.00149881
329 0.000483836
330 0.00196442
331 0.000779423
332 0.00112229
333 0.0015858
334 0.00126112
335 0.000633368
336 0.000861128
337 0.00289533
338 0.000732654
339 0.000644878
340 0.00242987
341 0.000817901
342 0.000421592
343 0.00116219
344 0.00114128
345 0.00127053
346 0.000420434
347 0.000936479
348 0.00177854
349 0.000487073
350 0.000569447
351 0.00122891
352 0.000471644
353 0.000783124
354 0.000792225
355 0.000544884
356 0.0003923
357 0.00100707
358 0.00181874
359 0.000644556
360 0.0007503
361 0.000551242
362 0.000945502
363 0.00110546
364 0.00102675
365 0.00089992
366 0.00273732
367 0.0023891
368 0.000623544
369 0.000470644
370 0.00175328
371 0.00138811
372 0.000568285
373 0.000816667
374 0.000571761
375 0.0016384
376 0.00141323
377 0.000699601
378 0.00115633
379 0.00156673
380 0.000694225
381 0.0011272
382 0.00063102
383 0.00228586
384 0.000523098
385 0.00212137
386 0.000434166
387 0.000400091
388 0.00140832
389 0.000986705
390 0.000414037
391 0.000868103
392 0.000480605
393 0.000401745
394 0.00122007
395 0.000686061
396 0.000704601
397 0.00249876
398 0.0020714
399 0.00247548
400 0.00105335
401 0.00075097
402 0.000534951
403 0.000886931
404 0.000802181
405 0.00178953
406 0.000418393
407 0.00134883
408 0.000741155
409 0.000761028
410 0.000649802
411 0.00190826
412 0.000775812
413 0.000613295
414 0.000984821
415 0.000866036
416 0.00135806
417 0.000922439
418 0.00103719
419 0.000521392
420 0.000696429
421 0.000429167
422 0.000611328
423 0.00227553
424 0.000761516
425 0.00105883
426 0.000652712
427 0.000495698
428 0.000410015
429 0.00114737
430 0.00146841
431 0.00247594
432 0.000914482
433 0.000429167
434 0.000671448
435 0.00228778
436 0.00137635
437 0.00051891
438 0.000622251
439 0.00155775
440 0.00107567
441 0.000921768
442 0.000420793
443 0.000817833
444 0.000448195
445 0.00172734
446 0.000527032
447 0.000492668
448 0.00240436
449 0.00116221
450 0.000467338
451 0.00294255
452 0.000685214
453 0.00161805
454 0.000522989
455 0.000643241
456 0.000689861
457 0.000837877
458 0.000429167
459 0.00134929
460 0.000641145
461 0.00108238
462 0.00410659
463 0.000832521
464 0.000605499
465 0.000874427
466 0.000820018
467 0.000593861
468 0.002307
469 0.000889631
470 0.00055927
471 0.000934372
472 0.00163
473 0.00109436
474 0.00065214
475 0.00207894
476 0.000901963
477 0.000680807
478 0.00088541
479 0.000448195
480 0.00202777
481 0.000808005
482 0.000400308
483 0.00116109
484 0.000938382
485 0.00191488
486 0.000540399
487 0.000786792
488 0.00104202
489 0.00075964
490 0.000540924
491 0.00131137
492 0.000562345
493 0.0003923
494 0.000859165
495 0.000901904
496 0.000432187
497 0.00217549
498 0.000551019
499 0.000732929
500 0.00141856
501 0.00122002
502 0.0017549
503 0.00165346
504 0.00108682
505 0.00161386
506 0.000691772
507 0.000974125
508 0.000422417
509 0.00164702
510 0.00192267
511 0.00209456
512 0.00139996
513 0.000711253
514 0.00101226
515 0.000642033
516 0.000761741
517 0.000902871
518 0.000961165
519 0.00100811
520 0.00108586
521 0.000437312
522 0.000501327
523 0.000394846
524 0.000464241
525 0.000559052
526 0.000932508
527 0.000776654
528 0.000427157
529 0.00166078
530 0.00089609
531 0.000789395
532 0.00299128
533 0.00057076
534 0.000730036
535 0.00206039
536 0.000485436
537 0.000543422
538 0.00097719
539 0.000743822
540 0.000558689
541 0.000874296
542 0.000586364
543 0.000931961
544 0.000513979
545 0.000673483
546 0.00167352
547 0.000490222
548 0.000810326
549 0.0003923
550 0.000596259
551 0.000413972
552 0.00111221
553 0.000427157
554 0.0004055
555 0.000755929
556 0.00126825
557 0.00103315
558 0.00151943
559 0.00087453
560 0.00096379
561 0.00136647
562 0.000814745
563 0.00116924
564 0.00193385
565 0.000556181
566 0.000557425
567 0.000585857
568 0.00104297
569 0.0011305
570 0.000935963
571 0.00067114
572 0.000649443
573 0.000646858
574 0.000525574
575 0.000606581
576 0.000629453
577 0.000547318
578 0.00254287
579 0.000693298
580 0.000421101
581 0.00044751
582 0.00122285
583 0.00113789
584 0.00118133
585 0.00102376
586 0.000542894
587 0.00129829
588 0.00110973
589 0.000697571
590 0.000471926
591 0.000853905
592 0.000516132
593 0.000451801
594 0.000469603
595 0.00218566
596 0.000971538
597 0.000419692
598 0.00127719
599 0.00109545
600 0.00143608
601 0.00128387
602 0.000663675
603 0.00112855
604 0.000421592
605 0.000489338
606 0.00136672
607 0.00238302
608 0.000796137
609 0.000605632
610 0.000516241
611 0.00073638
612 0.000469603
613 0.00145034
614 0.000986447
615 0.000434166
616 0.00078252
617 0.000600625
618 0.000487073
619 0.00124135
620 0.000458874
621 0.000458874
622 0.000494313
623 0.00145018
624 0.000855249
625 0.000816755
626 0.00131805
627 0.000720359
628 0.000491619
629 0.00169174
630 0.00084551
631 0.00301578
632 0.000434913
633 0.00135973
634 0.000662857
635 0.00110882
636 0.00141003
637 0.000565823
638 0.000519655
639 0.000433619
640 0.000801428
641 0.000876526
642 0.00137549
643 0.000768777
644 0.000400308
645 0.000837081
646 0.000441835
647 0.000826997
648 0.0021614
649 0.000720516
650 0.00108022
651 0.000756258
652 0.00118624
653 0.000427157
654 0.000600709
655 0.000768075
656 0.00260052
657 0.000920889
658 0.000553906
659 0.00138233
660 0.00158925
661 0.000875019
662 0.00052523
663 0.00121829
664 0.00105791
665 0.000620902
666 0.00101191
667 0.000814953
668 0.000773986
669 0.000567255
670 0.000464337
671 0.000959598
672 0.000741538
673 0.00132627
674 0.000720318
675 0.000464495
676 0.00211601
677 0.000577387
678 0.000739194
679 0.00143568
680 0.00113196
681 0.0011455
682 0.0012301
683 0.000776689
684 0.00179985
685 0.000844748
686 0.000439108
687 0.000400091
688 0.000485436
689 0.000629273
690 0.000916136
691 0.000727808
692 0.00126835
693 0.000499096
694 0.000515888
695 0.000611202
696 0.00136949
697 0.00052523
698 0.00151047
699 0.000715224
700 0.000406794
701 0.000462479
702 0.000499834
703 0.0014964
704 0.00158475
705 0.00083061
706 0.00189921
707 0.000788213
708 0.000527183
709 0.00116524
710 0.000657027
711 0.000537005
712 0.000856191
713 0.000672792
714 0.000916651
715 0.000859492
716 0.0010805
717 0.000436346
718 0.000487048
719 0.000569447
720 0.000434166
721 0.000426666
722 0.00395233
723 0.00178423
724 0.00115173
725 0.000755177
726 0.00199877
727 0.00051786
728 0.000702133
729 0.000661811
730 0.000836541
731 0.000473128
732 0.000611328
733 0.00146978
734 0.00107539
735 0.00124397
736 0.00129479
737 0.000468485
738 0.00220737
739 0.000633582
740 0.000689509
741 0.000580277
742 0.000463936
743 0.00050089
744 0.00131365
745 0.000875323
746 0.000806307
747 0.001311
748 0.0024995
749 0.000892303
750 0.000497004
751 0.000914412
752 0.000557863
753 0.000560683
754 0.000587853
755 0.000683428
756 0.000847257
757 0.00149328
758 0.000499638
759 0.000622969
760 0.000863138
761 0.000443901
762 0.000833191
763 0.000751808
764 0.00124908
765 0.00329446
766 0.000896995
767 0.0021725
768 0.0012712
769 0.000794221
770 0.00254148
771 0.00064276
772 0.00071979
773 0.000735778
774 0.000551764
775 0.000583081
776 0.000448527
777 0.00143615
778 0.000947049
779 0.000620493
780 0.0022097
781 0.000499638
782 0.000797039
783 0.00175057
784 0.000683307
785 0.00118831
786 0.000981141
787 0.000833306
788 0.000711493
789 0.000972009
790 0.00152818
791 0.000724618
792 0.00050089
793 0.000832362
794 0.000414894
795 0.00118155
796 0.000965685
797 0.000615431
798 0.00227392
799 0.00111647
800 0.000786792
801 0.00125653
802 0.000693108
803 0.00164519
804 0.00116583
805 0.000986447
806 0.000617528
807 0.0010008
808 0.000734707
809 0.00123399
810 0.000533201
811 0.000414037
812 0.000781609
813 0.00069423
814 0.0042662
815 0.00258263
816 0.000657934
817 0.000904499
818 0.000472387
819 0.00070364
820 0.0019657
821 0.000970992
822 0.0015339
823 0.000451801
824 0.000759059
825 0.00116157
826 0.000827953
827 0.000596566
828 0.000576864
829 0.000681301
830 0.000985933
831 0.00200965
832 0.00101258
833 0.000627224
834 0.00119532
835 0.000891418
836 0.00196556
837 0.000790064
838 0.00241724
839 0.00259718
840 0.00222208
841 0.000982489
842 0.000734841
843 0.000848289
844 0.00269103
845 0.00146541
846 0.000889535
847 0.000413972
848 0.00175066
849 0.000671292
850 0.000857188
851 0.00298614
852 0.00149442
853 0.000476921
854 0.000650318
855 0.0012827
856 0.00113789
857 0.00327574
858 0.000451365
859 0.000632025
860 0.000495698
861 0.00106518
862 0.00095049
863 0.00205121
864 0.000823842
865 0.0012524
866 0.000561321
867 0.00149566
868 0.000467597
869 0.0010511
870 0.000878393
871 0.000899584
872 0.00212943
873 0.000537822
874 0.00078249
875 0.000780802
876 0.000478016
877 0.000804387
878 0.000842769
879 0.000482185
880 0.000810163
881 0.000743206
882 0.00074419
883 0.000462536
884 0.000941897
885 0.000942683
886 0.000706025
887 0.00132131
888 0.000705698
889 0.00165381
890 0.00074419
891 0.000514326
892 0.000624841
893 0.00127367
894 0.000637934
895 0.000421505
896 0.000469603
897 0.00104725
898 0.000662307
899 0.00105357
900 0.000455567
901 0.00153374
902 0.00215531
903 0.000857736
904 0.00172208
905 0.000489187
906 0.00217105
907 0.00123507
908 0.00128312
909 0.000531712
910 0.00143253
911 0.000717859
912 0.00475811
913 0.000780632
914 0.000740741
915 0.000616387
916 0.000687879
917 0.000543294
918 0.000515888
919 0.00162831
920 0.000627224
921 0.000745481
922 0.000455738
923 0.00117694
924 0.000434913
925 0.000551764
926 0.000712094
927 0.000477973
928 0.000802935
929 0.000426666
930 0.000740193
931 0.000640884
932 0.000459116
933 0.000641729
934 0.000883941
935 0.000497004
936 0.000674276
937 0.00176237
938 0.00148284
939 0.00138243
940 0.00102376
941 0.00223732
942 0.000949438
943 0.000989778
944 0.00150331
945 0.000733719
946 0.00106954
947 0.000520002
948 0.000536711
949 0.00101673
950 0.00149524
951 0.00177877
952 0.00147024
953 0.0003923
954 0.00167909
955 0.000432187
956 0.00431838
957 0.000725498
958 0.000760118
959 0.0012197
960 0.000812603
961 0.000433619
962 0.00193141
963 0.000973966
964 0.00095065
965 0.000957529
966 0.000833489
967 0.000984795
968 0.000830697
969 0.00191459
970 0.00235114
971 0.000420793
972 0.00179881
973 0.00152449
974 0.000401745
975 0.000892815
976 0.00119189
977 0.000511128
978 0.000879792
979 0.00187957
980 0.000684405
981 0.000638662
982 0.00092779
983 0.000685561
984 0.000923599
985 0.000394846
986 0.000722154
987 0.00102792
988 0.00151332
989 0.00144255
990 0.00073485
991 0.00168496
992 0.0004955
993 0.00147076
994 0.00136139
995 0.000430586
996 0.000497234
997 0.000743927
998 0.00141913
999 0.000515888
