62 0.547685
912 0.47581100000000004
228 0.46856500000000006
18 0.44341500000000006
956 0.431838
814 0.42662000000000005
462 0.410659
722 0.39523300000000006
765 0.329446
857 0.32757400000000003
119 0.326275
631 0.301578
532 0.299128
851 0.298614
262 0.294877
451 0.294255
197 0.293298
38 0.291842
337 0.28953300000000004
210 0.284711
366 0.27373200000000003
844 0.269103
161 0.263314
656 0.260052
839 0.259718
283 0.259498
815 0.25826299999999996
578 0.254287
770 0.254148
67 0.250746
748 0.24995
397 0.24987600000000001
431 0.24759399999999998
399 0.247548
311 0.24532199999999998
340 0.242987
838 0.24172400000000002
448 0.24043599999999998
367 0.23890999999999998
607 0.238302
120 0.237923
970 0.235114
468 0.23070000000000002
435 0.228778
383 0.22858599999999998
423 0.227553
798 0.227392
245 0.225932
941 0.22373200000000001
840 0.222208
780 0.22097000000000003
738 0.22073700000000002
595 0.21856599999999998
497 0.217549
767 0.21725
906 0.217105
648 0.21614
902 0.215531
95 0.21328100000000003
872 0.212943
385 0.212137
676 0.211601
511 0.209456
7 0.20896299999999998
126 0.20831399999999997
475 0.207894
398 0.20714000000000002
535 0.206039
863 0.205121
233 0.20336600000000002
272 0.202819
480 0.20277699999999999
250 0.20115200000000003
831 0.200965
726 0.199877
180 0.198997
13 0.19735
820 0.19657
836 0.19655599999999998
330 0.196442
564 0.193385
962 0.193141
510 0.192267
167 0.192146
225 0.19158599999999998
485 0.19148800000000002
969 0.19145900000000002
258 0.191171
411 0.190826
706 0.18992099999999998
979 0.18795699999999999
151 0.184024
235 0.182652
358 0.18187399999999998
684 0.179985
972 0.179881
405 0.178953
723 0.178423
951 0.177877
348 0.17785399999999998
937 0.176237
502 0.17549
370 0.175328
848 0.175066
783 0.175057
445 0.172734
904 0.172208
296 0.17177099999999998
181 0.169994
629 0.169174
991 0.168496
954 0.167909
546 0.167352
93 0.166142
529 0.166078
37 0.16562
53 0.165477
889 0.165381
503 0.165346
509 0.164702
803 0.164519
375 0.16383999999999999
472 0.163
919 0.162831
453 0.161805
505 0.161386
99 0.160828
5 0.15990500000000002
306 0.1596
44 0.159202
660 0.15892499999999998
333 0.15858
704 0.158475
187 0.157034
379 0.15667299999999998
439 0.155775
61 0.155365
43 0.155123
822 0.15339
901 0.153374
790 0.152818
973 0.152449
56 0.152368
185 0.152259
558 0.151943
988 0.151332
698 0.15104700000000001
17 0.15088000000000001
944 0.15033100000000002
328 0.149881
703 0.14964
221 0.14963100000000001
867 0.149566
950 0.149524
852 0.149442
757 0.14932800000000002
50 0.149164
15 0.148527
938 0.148284
993 0.147076
952 0.14702400000000002
733 0.146978
430 0.146841
845 0.146541
303 0.146445
45 0.146413
613 0.145034
623 0.14501799999999998
39 0.144801
6 0.1448
243 0.144355
989 0.144255
282 0.14386200000000002
777 0.143615
600 0.14360799999999999
679 0.143568
910 0.143253
998 0.141913
500 0.14185599999999998
376 0.141323
35 0.14124899999999999
636 0.14100300000000002
388 0.140832
512 0.139996
70 0.139886
16 0.139707
41 0.139466
371 0.138811
939 0.138243
659 0.138233
436 0.13763499999999998
642 0.137549
217 0.137211
696 0.136949
79 0.136673
606 0.13667200000000002
561 0.13664700000000002
994 0.136139
633 0.135973
416 0.13580599999999998
1 0.135421
459 0.134929
407 0.134883
247 0.134231
237 0.133974
0 0.133316
673 0.132627
160 0.1326
33 0.132475
887 0.132131
626 0.131805
744 0.131365
491 0.131137
747 0.13110000000000002
113 0.13073099999999999
114 0.13070600000000002
155 0.13048400000000002
587 0.129829
98 0.129542
736 0.129479
601 0.128387
908 0.128312
855 0.12827
137 0.127719
598 0.127719
893 0.127367
768 0.12712
345 0.127053
692 0.126835
556 0.126825
4 0.126265
334 0.126112
184 0.125939
264 0.125878
801 0.12565300000000001
865 0.12524000000000002
764 0.124908
735 0.12439700000000001
216 0.124185
317 0.12415799999999999
619 0.124135
321 0.123806
147 0.123738
907 0.123507
809 0.123399
682 0.12301000000000001
351 0.122891
582 0.12228499999999999
162 0.122055
394 0.12200699999999999
501 0.122002
959 0.12197
265 0.12196100000000001
320 0.121894
663 0.12182899999999999
154 0.12099800000000001
117 0.120849
834 0.119532
976 0.11918899999999999
198 0.11895700000000001
785 0.11883099999999999
652 0.11862400000000001
109 0.11821200000000001
795 0.118155
584 0.118133
286 0.117878
923 0.11769400000000001
563 0.116924
804 0.116583
709 0.11652399999999999
246 0.116337
449 0.11622099999999999
343 0.116219
825 0.116157
483 0.116109
378 0.11563299999999999
212 0.115533
724 0.11517299999999998
207 0.115054
429 0.114737
230 0.114678
681 0.11455
344 0.114128
211 0.11389099999999999
856 0.11378899999999999
583 0.11378899999999999
108 0.11358900000000001
680 0.113196
569 0.11305
603 0.11285500000000001
101 0.112798
381 0.11272000000000001
291 0.11268
332 0.112229
799 0.11164700000000001
256 0.11136099999999999
552 0.111221
32 0.11100299999999999
588 0.110973
635 0.110882
363 0.11054599999999999
129 0.110039
599 0.109545
473 0.10943599999999999
313 0.109102
504 0.108682
520 0.10858599999999999
111 0.108548
133 0.108413
461 0.108238
315 0.10817500000000001
716 0.10805000000000001
650 0.108022
440 0.107567
734 0.10753900000000001
276 0.10722399999999999
946 0.106954
861 0.106518
125 0.106383
2 0.10618400000000001
425 0.10588299999999999
94 0.10583400000000001
664 0.105791
191 0.10577900000000001
143 0.105371
899 0.10535699999999999
400 0.105335
869 0.10511
897 0.104725
568 0.104297
488 0.104202
24 0.10388299999999999
418 0.10371899999999999
557 0.103315
987 0.10279200000000001
364 0.10267500000000002
940 0.10237600000000001
585 0.10237600000000001
949 0.101673
832 0.10125799999999999
514 0.10122600000000001
666 0.101191
219 0.101164
163 0.10109400000000002
279 0.100902
519 0.100811
357 0.100707
807 0.10008
164 0.0995581
177 0.0995436
115 0.0995436
203 0.0991593
943 0.09897779999999999
183 0.09873950000000001
389 0.09867050000000001
223 0.0986528
805 0.09864470000000002
614 0.09864470000000002
830 0.09859330000000001
414 0.0984821
967 0.09847949999999998
841 0.0982489
786 0.09811410000000001
171 0.0980259
538 0.097719
507 0.0974125
963 0.0973966
789 0.0972009
596 0.0971538
821 0.0970992
293 0.097098
796 0.0965685
560 0.09637899999999999
518 0.09611650000000001
141 0.0960413
671 0.0959598
51 0.0958933
965 0.0957529
20 0.09561069999999999
307 0.0953983
278 0.0952651
284 0.0952252
964 0.09506500000000001
862 0.095049
942 0.09494380000000001
260 0.09471059999999999
778 0.09470490000000001
69 0.0945949
362 0.0945502
885 0.0942683
884 0.0941897
484 0.0938382
46 0.0938288
347 0.0936479
570 0.09359630000000001
471 0.0934372
36 0.0932628
526 0.0932508
88 0.0932258
543 0.0931961
982 0.092779
74 0.0927573
227 0.0927573
984 0.0923599
417 0.0922439
441 0.0921768
77 0.09212050000000001
657 0.0920889
8 0.09208190000000001
48 0.0919118
714 0.0916651
103 0.0916136
690 0.0916136
432 0.0914482
751 0.0914412
89 0.09143330000000001
118 0.0914222
192 0.091302
226 0.0911144
305 0.0910446
270 0.090737
817 0.0904499
517 0.0902871
40 0.0902006
476 0.0901963
495 0.0901904
365 0.089992
871 0.08995840000000001
106 0.08995249999999999
214 0.0898818
766 0.0896995
530 0.089609
310 0.08933920000000001
975 0.0892815
749 0.0892303
835 0.08914180000000001
148 0.0891252
469 0.0889631
846 0.0889535
403 0.0886931
478 0.088541
934 0.08839409999999999
978 0.08797920000000001
165 0.0878393
870 0.0878393
641 0.0876526
745 0.08753230000000001
661 0.0875019
559 0.087453
465 0.0874427
541 0.0874296
140 0.0868689
391 0.08681029999999999
415 0.0866036
42 0.08660280000000001
760 0.0863138
159 0.08613069999999999
336 0.08611279999999999
166 0.0860213
715 0.0859492
494 0.08591649999999999
903 0.0857736
850 0.08571880000000001
712 0.08561909999999999
289 0.0855697
23 0.0855565
624 0.0855249
81 0.0854106
591 0.0853905
843 0.0848289
756 0.0847257
144 0.084637
630 0.084551
685 0.0844748
102 0.084342
249 0.0842769
878 0.0842769
297 0.0842407
123 0.083944
457 0.0837877
645 0.08370810000000001
730 0.0836541
966 0.0833489
787 0.0833306
762 0.08331910000000001
463 0.0832521
793 0.0832362
968 0.0830697
705 0.083061
55 0.0829057
826 0.0827953
647 0.0826997
58 0.0826783
864 0.08238419999999999
271 0.0823685
12 0.0823352
78 0.0821137
466 0.0820018
188 0.0819769
34 0.081881
341 0.0817901
443 0.0817833
201 0.0817405
52 0.0817001
625 0.0816755
373 0.0816667
253 0.0815304
667 0.08149529999999999
562 0.08147449999999999
960 0.0812603
295 0.0811108
186 0.0810497
548 0.0810326
880 0.0810163
481 0.0808005
746 0.0806307
121 0.0806087
877 0.0804387
323 0.0802997
928 0.08029349999999999
404 0.0802181
640 0.0801428
782 0.07970390000000001
608 0.07961370000000001
110 0.079494
769 0.0794221
19 0.0793188
354 0.0792225
96 0.0791376
837 0.0790064
531 0.0789395
707 0.0788213
800 0.0786792
487 0.0786792
353 0.07831239999999999
616 0.078252
874 0.078249
812 0.07816089999999999
875 0.0780802
913 0.0780632
331 0.0779423
683 0.0776689
527 0.0776654
326 0.0775972
412 0.0775812
82 0.077425
668 0.07739860000000001
241 0.0770568
25 0.07699020000000001
643 0.0768777
655 0.0768075
516 0.07617410000000001
424 0.0761516
409 0.0761028
958 0.07601179999999999
489 0.075964
824 0.0759059
76 0.0756261
651 0.07562579999999999
555 0.0755929
725 0.0755177
72 0.07549170000000001
209 0.07549170000000001
763 0.07518079999999999
401 0.075097
360 0.07503
921 0.07454809999999999
242 0.0744229
890 0.074419
882 0.074419
206 0.0744171
997 0.0743927
539 0.0743822
194 0.0743293
881 0.0743206
47 0.0743055
672 0.0741538
408 0.0741155
914 0.07407409999999999
930 0.0740193
678 0.0739194
73 0.0738375
59 0.0738196
202 0.07376200000000001
611 0.07363800000000001
773 0.0735778
990 0.073485
842 0.0734841
808 0.0734707
945 0.0733719
30 0.0733544
499 0.0732929
338 0.0732654
534 0.0730036
10 0.0728162
691 0.0727808
957 0.0725498
273 0.07247669999999999
791 0.0724618
986 0.0722154
649 0.07205160000000001
627 0.0720359
674 0.07203179999999999
772 0.071979
911 0.0717859
255 0.0717842
11 0.0717747
292 0.071743
280 0.071743
699 0.0715224
926 0.0712094
788 0.0711493
513 0.0711253
318 0.07098020000000001
886 0.0706025
888 0.0705698
14 0.07052230000000001
396 0.0704601
819 0.070364
254 0.0703106
91 0.0703106
728 0.07021329999999999
267 0.070135
377 0.0699601
589 0.0697571
420 0.06964290000000001
813 0.069423
380 0.0694225
579 0.0693298
802 0.0693108
75 0.0691978
506 0.0691772
456 0.0689861
740 0.06895090000000001
232 0.06894
916 0.0687879
395 0.0686061
983 0.0685561
452 0.0685214
220 0.0685134
312 0.0685039
980 0.0684405
755 0.06834280000000001
784 0.0683307
277 0.0682839
829 0.0681301
477 0.0680807
136 0.0676324
936 0.0674276
116 0.0674113
545 0.0673483
713 0.0672792
434 0.0671448
849 0.0671292
571 0.067114
107 0.066809
190 0.06647689999999999
602 0.0663675
634 0.0662857
327 0.0662857
898 0.0662307
729 0.06618109999999999
816 0.0657934
105 0.0657934
710 0.0657027
426 0.0652712
474 0.065214
854 0.0650318
410 0.0649802
572 0.0649443
199 0.0649201
573 0.0646858
339 0.0644878
359 0.0644556
455 0.0643241
771 0.064276
515 0.06420329999999999
933 0.06417289999999999
460 0.06411449999999999
931 0.0640884
64 0.06388970000000001
981 0.0638662
894 0.0637934
739 0.0633582
335 0.0633368
169 0.06324199999999999
859 0.06320250000000001
382 0.063102
576 0.0629453
689 0.06292729999999999
920 0.0627224
833 0.0627224
268 0.062641
892 0.0624841
368 0.0623544
759 0.0622969
438 0.0622251
665 0.0620902
779 0.062049299999999995
139 0.061785599999999996
806 0.0617528
173 0.061685
915 0.061638700000000005
299 0.061638700000000005
236 0.0616184
797 0.0615431
150 0.0615105
413 0.0613295
732 0.061132799999999994
422 0.061132799999999994
695 0.061120200000000006
575 0.0606581
609 0.060563200000000005
464 0.060549900000000004
319 0.060307799999999995
257 0.0602062
156 0.0602062
239 0.0601468
654 0.0600709
617 0.060062500000000005
60 0.0597909
229 0.0597696
827 0.0596566
550 0.0596259
63 0.0595175
467 0.0593861
28 0.0590364
754 0.058785300000000006
542 0.058636400000000005
567 0.0585857
68 0.0583937
71 0.0583807
775 0.0583081
275 0.0582472
741 0.0580277
677 0.0577387
828 0.0576864
142 0.057527100000000005
290 0.0574567
374 0.057176099999999994
533 0.057076
719 0.05694470000000001
350 0.05694470000000001
300 0.05692339999999999
301 0.0568375
372 0.0568285
669 0.0567255
637 0.0565823
29 0.0562737
492 0.0562345
866 0.056132100000000004
205 0.056079800000000006
753 0.056068299999999995
470 0.055927
158 0.0559052
525 0.0559052
540 0.0558689
149 0.0558184
752 0.055786300000000004
124 0.05574249999999999
566 0.05574249999999999
565 0.0556181
658 0.0553906
90 0.055379500000000005
26 0.055317
774 0.05517640000000001
925 0.05517640000000001
361 0.0551242
498 0.0551019
244 0.0550124
153 0.054779999999999995
577 0.0547318
355 0.054488400000000006
65 0.054415500000000006
57 0.0543525
537 0.0543422
917 0.05432940000000001
586 0.0542894
157 0.0542456
200 0.0541156
490 0.054092400000000006
486 0.0540399
259 0.053870299999999996
873 0.053782199999999995
285 0.0537117
711 0.0537005
325 0.0537005
948 0.053671100000000006
402 0.0534951
9 0.0534243
810 0.053320099999999995
224 0.0532414
263 0.0532414
909 0.0531712
122 0.0527769
708 0.052718299999999996
446 0.0527032
574 0.052557400000000004
662 0.052523
697 0.052523
31 0.052523
384 0.052309800000000004
454 0.052298899999999995
288 0.052298899999999995
419 0.0521392
252 0.0521392
947 0.052000199999999996
638 0.051965500000000005
437 0.05189100000000001
309 0.051805899999999995
213 0.051786
727 0.051786
127 0.051786
66 0.0516408
610 0.0516241
592 0.0516132
694 0.051588800000000004
918 0.051588800000000004
999 0.051588800000000004
269 0.0515147
891 0.051432599999999995
544 0.0513979
977 0.0511128
146 0.051013899999999994
152 0.0508489
100 0.050132699999999995
522 0.050132699999999995
743 0.050089
792 0.050089
702 0.0499834
208 0.049965
758 0.049963799999999996
781 0.049963799999999996
693 0.0499096
86 0.0499067
996 0.0497234
750 0.0497004
935 0.0497004
134 0.049619699999999996
860 0.049569800000000004
427 0.049569800000000004
992 0.04955
234 0.049431300000000004
622 0.049431300000000004
447 0.049266800000000006
628 0.0491619
547 0.0490222
605 0.0489338
905 0.048918699999999996
104 0.048772300000000005
349 0.048707299999999995
618 0.048707299999999995
718 0.0487048
688 0.0485436
536 0.0485436
329 0.0483836
879 0.0482185
87 0.0482005
204 0.0480605
392 0.0480605
145 0.0480072
218 0.0480072
876 0.0478016
927 0.0477973
853 0.0476921
240 0.0476921
22 0.0476921
274 0.0475417
182 0.0475417
731 0.0473128
231 0.0472606
49 0.0472387
818 0.0472387
590 0.0471926
352 0.0471644
324 0.047071100000000005
369 0.0470644
896 0.0469603
612 0.0469603
594 0.0469603
737 0.0468485
868 0.0467597
135 0.0467338
450 0.0467338
675 0.0464495
215 0.0464337
670 0.0464337
524 0.0464241
742 0.0463936
883 0.0462536
701 0.0462479
97 0.0461463
27 0.0460604
932 0.0459116
620 0.0458874
621 0.0458874
84 0.0457172
922 0.045573800000000005
900 0.0455567
174 0.045453600000000004
593 0.0451801
823 0.0451801
858 0.0451365
193 0.0450715
222 0.044954
294 0.0448527
776 0.0448527
132 0.0448527
479 0.0448195
196 0.0448195
130 0.0448195
444 0.0448195
238 0.044814
581 0.044751
761 0.0443901
646 0.0441835
175 0.0441835
128 0.0439108
686 0.0439108
281 0.043885
168 0.0438243
521 0.0437312
172 0.04372
248 0.043717400000000003
717 0.0436346
54 0.0435804
924 0.0434913
632 0.0434913
314 0.0434913
189 0.0434166
179 0.0434166
266 0.0434166
615 0.0434166
720 0.0434166
386 0.0434166
85 0.0433619
639 0.0433619
961 0.0433619
496 0.0432187
176 0.0432187
955 0.0432187
3 0.0431095
170 0.0431095
995 0.0430586
131 0.0430586
287 0.0430586
261 0.0430586
458 0.0429167
433 0.0429167
421 0.0429167
653 0.0427157
528 0.0427157
553 0.0427157
929 0.0426666
721 0.0426666
138 0.0426666
508 0.0422417
604 0.0421592
342 0.0421592
251 0.0421592
895 0.0421505
580 0.0421101
21 0.0421101
195 0.0421101
971 0.0420793
442 0.0420793
112 0.042047100000000004
346 0.0420434
597 0.0419692
92 0.0419692
298 0.0419692
80 0.0419692
406 0.041839299999999996
302 0.041839299999999996
794 0.0414894
811 0.0414037
390 0.0414037
304 0.0414037
847 0.0413972
551 0.0413972
308 0.0410015
178 0.0410015
428 0.0410015
316 0.0410015
700 0.0406794
554 0.040549999999999996
393 0.0401745
974 0.0401745
322 0.0400308
644 0.0400308
482 0.0400308
687 0.0400091
387 0.0400091
523 0.0394846
985 0.0394846
356 0.03923
493 0.03923
83 0.03923
549 0.03923
953 0.03923
