1 520
1 201
1 942
201 30
1 267
520 324
267 394
324 205
1 180
520 656
1 900
942 624
1 721
394 550
520 136
550 870
520 292
30 654
324 393
393 524
393 117
656 672
180 658
136 667
672 146
667 719
394 494
1 190
658 230
117 330
721 588
1 312
588 553
394 954
624 466
190 343
230 709
205 665
672 458
136 186
117 76
520 568
672 511
672 219
330 679
343 645
117 459
230 347
1 207
458 2
665 420
186 477
393 724
347 525
477 833
524 4
117 422
1 387
942 165
292 909
343 959
721 666
422 972
180 429
666 315
525 874
494 795
394 84
4 581
645 497
588 763
180 937
429 413
413 901
394 357
624 728
312 100
959 299
679 951
494 958
550 444
292 225
420 754
937 461
292 502
665 253
413 217
292 264
190 252
754 647
343 483
117 434
645 177
393 747
312 879
959 81
393 266
146 234
656 40
422 443
190 605
393 560
2 760
647 643
760 358
165 362
760 824
466 475
972 671
30 529
81 628
207 991
299 809
312 250
475 597
581 245
146 239
588 725
628 135
253 284
588 698
991 694
628 748
230 138
186 558
667 571
239 34
2 953
643 544
362 421
422 460
34 152
239 327
879 14
568 799
656 175
502 527
698 85
477 50
959 938
343 323
138 944
728 467
136 612
165 650
719 88
581 718
524 26
267 329
667 203
991 433
483 622
959 540
230 352
972 746
266 823
605 717
264 446
558 337
1 627
879 676
201 887
225 847
627 914
14 166
887 487
647 967
393 114
525 90
972 216
323 545
203 878
870 170
225 521
201 848
914 918
362 580
315 969
362 781
878 531
327 526
624 128
654 745
628 308
527 523
100 178
942 78
937 715
267 577
487 373
571 854
323 976
671 305
477 772
461 385
694 926
754 222
76 103
795 199
874 670
698 910
529 455
643 335
879 911
266 409
645 956
180 309
650 505
666 925
459 945
409 788
40 110
799 372
560 316
216 812
387 979
918 751
34 321
540 793
309 396
833 344
799 506
385 416
234 699
523 739
78 617
207 149
446 398
511 367
396 479
103 700
617 206
577 877
394 556
558 37
524 240
622 762
545 906
624 237
327 159
597 915
166 211
724 768
650 131
910 662
4 22
571 23
560 447
588 32
357 262
284 766
925 687
643 921
900 561
502 349
335 439
207 249
667 999
809 87
848 697
87 500
344 53
951 974
90 912
925 968
305 218
942 894
190 187
166 543
937 846
760 594
925 129
149 602
662 729
309 503
199 973
398 971
721 179
433 259
252 233
588 663
129 123
912 674
396 863
100 116
561 977
357 576
201 538
788 382
239 947
543 153
847 417
561 773
40 820
439 310
627 826
973 283
698 711
337 660
612 902
335 815
568 473
976 517
773 220
670 311
357 996
580 712
523 510
299 688
250 741
429 593
393 168
461 931
795 808
128 463
553 661
417 811
906 277
267 860
323 555
447 448
718 738
203 209
848 807
656 774
622 280
543 377
473 488
237 142
249 62
237 837
510 512
267 184
207 290
230 696
129 456
766 992
216 127
159 678
788 193
30 554
729 495
413 893
117 841
190 20
503 868
688 618
854 582
510 164
696 962
40 934
976 813
772 172
718 56
709 838
277 653
956 340
439 664
1 616
823 797
688 551
103 162
22 810
466 204
230 145
245 355
672 796
153 33
594 232
103 957
909 112
926 702
650 480
172 243
962 896
879 307
878 704
971 68
910 173
4 196
807 18
413 268
50 535
748 642
969 981
627 790
672 690
283 75
196 108
433 441
264 522
88 295
868 402
688 224
307 342
560 885
416 188
123 922
340 440
671 493
145 380
921 592
938 397
553 783
763 537
62 655
555 892
912 861
531 993
377 363
944 31
926 668
475 800
309 438
790 423
747 570
738 80
837 236
266 111
40 791
187 424
409 368
751 60
893 258
483 621
550 288
621 71
937 306
826 626
503 255
698 755
570 802
152 608
207 45
654 113
553 291
953 891
861 794
385 375
996 998
558 449
309 418
783 118
526 735
456 651
824 737
159 743
199 693
164 779
991 231
397 63
323 843
329 625
439 539
204 454
715 828
539 952
219 66
463 338
56 5
108 681
416 457
111 274
751 407
790 501
664 124
624 842
626 248
467 99
63 579
409 141
218 519
488 716
30 212
423 3
184 798
146 465
327 195
944 412
751 244
918 936
696 640
88 133
237 301
32 898
700 865
906 154
667 895
893 157
947 404
728 830
926 753
117 803
696 86
962 331
824 845
709 509
781 840
791 685
267 975
915 370
795 726
128 471
838 147
218 202
954 39
216 391
110 634
922 855
233 646
798 611
127 198
712 983
688 354
582 296
554 686
149 333
522 279
774 929
116 805
577 736
967 38
690 156
803 564
237 194
671 12
793 713
686 988
551 978
347 604
308 946
477 819
135 213
521 907
717 476
88 167
735 65
243 822
854 825
141 378
802 399
301 484
840 341
768 376
655 15
843 714
335 659
299 890
663 200
988 897
248 596
612 185
658 804
653 384
902 530
178 408
907 400
393 986
103 350
819 572
135 69
931 140
670 10
545 464
766 227
268 16
399 44
250 673
622 242
264 491
60 886
654 462
674 82
10 638
937 392
909 125
625 381
951 786
111 528
262 684
673 984
409 325
310 939
715 769
909 257
310 923
231 652
700 313
352 61
368 839
581 67
116 361
526 139
754 176
391 600
400 565
361 77
394 932
517 585
580 326
996 359
497 334
441 9
988 595
15 778
658 710
199 158
938 752
690 369
479 836
449 758
854 852
423 270
526 722
250 829
763 689
162 632
503 92
696 379
153 35
760 64
678 776
721 317
82 287
634 406
640 282
520 451
659 703
896 390
86 575
804 265
33 955
526 930
399 818
9 557
711 182
802 437
955 941
959 93
838 442
825 70
558 889
56 285
377 319
311 29
576 17
666 633
444 59
709 36
527 101
231 106
285 904
788 792
99 590
125 765
843 675
309 701
725 276
783 431
621 657
153 105
372 271
213 920
195 573
710 635
440 603
370 504
953 883
523 7
959 598
66 997
460 705
35 1000
650 197
334 806
822 107
571 241
656 415
317 98
735 644
220 318
603 405
743 534
39 533
242 183
811 623
222 965
838 563
529 289
811 235
810 727
255 336
68 304
202 486
617 489
902 161
299 388
640 940
640 339
329 764
699 73
904 294
865 756
216 591
710 328
736 263
304 57
424 52
135 859
5 851
352 314
626 419
26 332
484 589
289 55
717 876
335 569
451 787
786 192
647 435
791 490
10 298
103 619
199 636
407 630
391 884
957 498
201 79
651 246
887 814
9 881
897 692
493 827
318 364
891 411
79 849
650 445
306 888
381 46
417 574
752 273
242 275
81 948
350 899
77 25
186 706
692 472
668 351
590 862
697 366
802 27
643 834
112 641
454 251
521 532
958 122
84 132
267 985
884 987
44 924
387 844
690 360
404 547
331 857
561 356
112 96
177 858
765 41
659 95
283 228
350 223
467 426
590 982
894 507
257 436
361 24
988 492
27 759
498 771
366 927
135 789
532 767
488 485
373 414
35 695
859 83
444 208
728 403
105 880
932 683
1000 470
524 171
473 801
274 516
231 817
472 155
955 586
962 226
399 964
753 143
594 496
694 775
187 137
952 13
930 151
305 648
464 221
952 637
666 48
99 757
577 518
988 613
751 303
270 150
506 875
204 559
700 160
382 427
554 189
668 720
342 903
997 499
992 115
358 163
909 567
768 960
914 578
88 777
978 410
236 293
166 950
298 508
282 468
888 916
532 680
571 780
67 541
183 730
12 58
751 750
98 949
729 43
624 214
820 740
204 11
554 669
768 966
701 28
699 970
403 933
23 587
416 835
600 546
512 481
382 120
959 72
936 478
565 707
815 723
888 300
402 989
865 130
718 49
93 917
334 615
591 928
939 864
343 260
24 742
998 832
158 74
382 272
624 322
316 6
352 513
379 599
569 856
965 610
642 401
666 994
635 302
2 430
790 733
557 607
975 238
646 395
77 365
380 963
367 469
834 450
922 831
527 348
974 42
727 254
396 606
336 256
131 353
385 629
65 19
912 428
329 452
660 297
221 514
540 744
766 21
983 474
147 566
419 649
806 345
962 148
370 995
466 97
4 144
827 785
689 961
76 708
813 191
33 609
158 383
343 873
845 913
598 905
561 761
456 51
896 980
652 91
470 126
991 682
355 432
307 990
655 639
739 908
236 281
59 278
604 102
682 549
112 94
650 482
427 542
791 229
77 732
391 320
214 548
765 453
860 536
440 134
920 54
994 247
831 866
32 562
611 261
331 584
865 731
801 872
846 47
201 552
372 181
400 515
763 816
702 286
80 215
431 784
699 210
323 620
14 871
455 867
637 691
498 89
278 583
191 935
758 943
637 104
27 782
228 853
556 119
296 677
936 850
725 631
315 109
516 821
596 749
878 601
778 614
772 770
17 734
730 174
918 371
519 121
899 389
818 386
209 346
416 869
221 882
497 425
224 374
323 269
996 169
396 8
35 919
85 398
634 788
709 578
836 280
352 268
89 331
528 398
98 405
414 477
182 832
369 714
652 539
715 602
494 290
425 969
18 83
804 222
22 860
953 648
671 383
289 302
765 951
533 547
975 437
915 568
894 643
654 140
137 769
324 631
405 382
377 436
126 38
659 532
671 634
531 287
18 358
751 918
476 419
590 756
744 469
417 835
766 558
282 882
592 577
164 492
57 947
279 436
218 316
62 932
683 492
423 269
170 992
414 193
171 699
942 308
28 641
206 33
307 279
979 833
566 686
455 646
343 103
222 14
794 424
665 866
933 508
274 62
299 441
234 995
500 947
450 704
373 6
84 48
295 161
205 852
487 885
89 945
537 580
387 964
601 903
648 602
392 440
879 188
280 686
863 800
973 503
716 651
879 256
704 826
224 7
786 727
526 274
894 296
501 152
249 636
708 636
183 39
563 963
354 725
678 435
97 787
904 19
603 185
760 890
318 35
888 735
201 367
816 815
66 409
902 790
604 49
927 444
345 263
967 457
456 517
729 723
755 970
883 643
280 486
626 521
426 985
237 212
395 199
408 259
200 942
144 865
881 400
597 683
428 395
577 637
653 990
188 371
75 247
809 804
137 583
217 40
384 446
298 898
374 43
531 64
550 148
727 495
212 12
851 660
994 442
118 973
571 470
108 374
531 254
23 696
58 63
410 331
428 208
83 900
566 783
165 994
638 103
551 107
959 489
981 227
224 359
369 468
144 496
957 913
49 677
711 76
422 10
369 904
842 768
333 424
486 736
282 14
990 890
5 672
952 667
6 781
410 533
813 118
424 400
554 887
119 406
719 644
553 837
962 9
837 469
994 505
226 649
925 200
272 266
403 404
467 951
347 438
740 905
345 327
502 779
224 421
714 631
673 493
112 931
96 34
451 114
24 211
199 990
251 771
609 683
159 2
915 968
216 617
586 15
494 163
582 332
763 6
350 138
403 201
230 16
856 384
278 970
145 650
520 796
759 564
141 145
540 998
988 442
944 803
80 3
777 758
493 79
750 39
111 531
560 773
367 512
838 630
635 914
115 386
57 878
670 678
864 312
326 372
859 850
328 415
434 464
87 308
14 816
846 868
713 440
348 94
8 368
469 449
967 766
185 367
655 408
716 845
126 899
57 968
371 234
132 505
308 259
858 273
814 836
783 528
824 99
348 630
981 187
530 940
212 713
704 501
77 510
668 231
939 624
954 998
160 48
87 807
569 952
160 953
200 942
228 583
184 521
498 970
784 181
8 620
775 1
746 96
480 469
819 821
2 680
299 641
599 432
702 770
807 539
964 432
16 322
754 766
276 390
180 591
360 418
509 741
620 96
717 412
195 816
13 662
433 234
850 511
20 476
84 145
120 120
466 306
635 69
620 961
506 950
805 399
638 895
995 858
95 307
555 669
155 51
926 155
130 329
186 547
929 858
54 5
778 138
351 259
404 18
424 283
812 100
801 752
296 847
734 504
236 62
266 352
571 226
545 379
979 920
959 202
933 102
680 565
743 454
509 831
416 13
447 320
200 413
756 653
233 294
875 810
318 508
829 839
551 994
194 56
982 980
917 110
753 746
46 379
476 224
890 739
138 658
992 765
464 781
602 665
70 473
278 348
723 19
600 983
324 870
575 134
400 849
289 220
667 612
259 907
549 540
616 33
30 142
293 38
665 96
479 530
554 203
626 755
693 661
744 492
453 18
826 842
709 995
533 368
390 799
580 138
830 189
829 814
713 844
827 118
207 914
768 674
986 680
853 739
522 982
743 539
310 491
663 583
617 501
159 406
263 63
28 195
299 513
388 726
655 608
853 130
366 502
744 375
369 612
432 815
572 412
763 894
76 748
300 314
144 500
146 498
537 1
336 251
264 858
466 62
242 263
697 557
314 705
91 980
707 596
938 668
376 506
863 162
275 521
731 519
870 316
602 321
185 16
212 846
912 780
889 352
64 804
208 380
759 711
293 669
901 203
629 237
682 979
935 484
853 127
696 849
543 977
915 301
586 208
947 311
25 365
375 162
645 67
673 82
264 636
106 389
618 238
486 63
998 588
87 518
969 8
65 772
798 551
785 835
792 821
858 211
21 7
214 14
628 416
302 44
595 787
910 514
471 887
744 318
664 976
43 238
16 674
56 942
705 737
160 359
432 188
437 349
298 600
556 337
809 624
244 45
386 25
30 319
631 748
408 204
68 837
696 958
312 977
609 160
898 396
293 46
725 416
616 905
66 657
324 24
929 822
278 450
491 42
45 816
934 856
674 512
814 277
24 700
261 431
465 424
655 684
867 2
844 277
278 565
946 553
898 117
719 478
633 559
648 218
310 369
73 368
625 364
18 261
169 546
337 530
684 562
666 957
22 41
496 840
771 994
726 99
27 414
175 556
249 639
238 677
935 182
795 62
898 940
387 257
54 462
859 37
62 945
176 858
914 821
629 652
949 911
802 530
441 894
974 109
90 182
657 510
148 331
673 496
913 229
375 141
443 866
44 333
914 450
285 248
579 284
640 261
38 437
730 731
874 8
167 236
807 673
309 330
823 36
582 329
425 563
928 181
676 20
442 148
533 248
669 187
461 272
829 103
930 403
346 26
961 450
855 830
788 100
390 213
165 461
862 486
887 833
203 108
189 815
945 536
419 384
652 999
413 207
950 263
527 690
518 211
193 999
417 149
799 218
288 675
843 938
78 306
591 324
988 31
123 78
995 989
591 534
862 392
950 19
57 544
735 473
649 873
169 458
258 71
242 800
311 167
460 959
754 881
620 799
976 786
305 527
855 789
214 365
774 417
35 122
394 342
766 90
873 697
994 657
997 111
481 913
495 958
412 168
172 863
771 38
689 960
675 637
758 406
59 561
842 967
714 6
636 902
610 513
344 127
417 127
638 346
674 905
627 460
151 953
802 681
96 39
891 991
845 460
670 339
227 559
29 630
271 693
411 778
333 571
820 367
875 384
834 827
119 182
409 717
705 335
968 114
710 363
964 297
987 63
43 433
114 186
298 618
756 922
995 96
563 348
743 796
19 463
476 766
956 441
587 285
494 564
961 518
466 585
927 307
801 324
168 162
876 127
86 167
62 265
530 604
506 231
614 724
460 482
681 511
903 841
654 439
403 21
401 338
56 266
488 872
387 62
721 924
196 938
317 304
586 149
281 520
484 600
869 257
533 212
988 531
810 840
798 72
611 62
629 985
867 757
626 110
270 161
419 298
255 774
996 274
787 156
374 242
669 868
280 992
727 441
585 244
433 562
600 860
105 572
288 527
216 820
907 503
733 569
809 889
184 80
509 257
173 761
748 430
634 399
219 44
207 885
821 217
914 380
870 823
531 761
814 984
203 59
973 560
180 338
63 452
892 747
581 576
292 872
752 710
495 724
18 547
74 588
739 955
463 121
868 749
549 322
4 433
367 791
181 845
471 784
426 63
671 715
919 853
500 589
317 656
416 456
209 911
386 226
831 144
932 966
440 825
345 292
373 885
137 339
359 858
154 95
845 94
764 862
641 810
34 924
600 431
872 846
915 837
13 843
126 651
254 39
173 24
844 97
62 992
76 260
999 346
26 763
965 358
721 269
38 804
800 745
964 119
868 467
350 329
590 11
420 432
449 799
647 398
771 727
938 102
109 454
633 706
65 240
709 2
519 735
937 823
940 864
485 909
503 354
236 46
473 142
84 636
689 538
241 71
873 376
22 844
656 444
993 222
981 458
466 502
669 821
592 502
289 165
744 364
311 144
395 426
635 41
370 953
521 973
384 198
482 682
629 781
97 898
595 746
905 942
567 831
373 574
917 614
75 172
784 664
421 632
901 79
958 70
235 750
910 476
417 680
346 911
131 229
147 77
867 49
49 838
16 479
243 708
910 980
462 657
305 5
728 199
223 18
832 226
714 212
788 570
542 377
445 853
325 737
99 1
756 193
977 359
218 68
157 939
413 625
622 576
600 840
706 8
357 750
731 809
875 929
662 716
932 837
376 14
174 796
140 769
604 100
77 213
952 290
61 792
655 244
64 565
793 628
232 312
811 313
157 888
451 360
145 893
495 767
477 408
627 666
131 730
477 95
594 21
590 251
335 710
600 247
727 60
526 910
821 939
125 653
505 601
325 213
888 937
275 189
714 110
527 151
52 263
12 813
378 17
25 805
105 130
12 656
854 753
126 112
215 476
999 823
404 425
830 717
680 974
164 513
762 292
766 80
483 709
198 852
683 870
781 627
933 968
223 585
707 657
386 808
567 399
900 115
280 165
249 18
61 246
822 8
145 141
533 608
67 207
701 662
728 9
836 466
695 715
540 30
161 334
488 465
44 489
930 245
931 199
242 202
931 989
277 485
875 791
447 876
289 794
46 184
69 412
229 957
725 192
377 845
965 37
708 112
832 246
275 944
727 980
422 841
253 280
900 486
197 597
89 614
528 945
613 446
223 340
825 960
665 74
592 952
361 475
728 863
392 185
701 545
346 913
440 681
583 938
657 685
777 667
766 36
909 377
